Page: 1
-0.121489
0.094118
-0.147490
0.084719
-0.121245
0.072268
-0.132720
0.086062
-0.091338
0.045168
-0.086211
0.034548
-0.039458
0.010378
-0.086333
0.039797
Page: 2
-0.150054
0.112673
-0.108306
0.048098
-0.122344
0.025148
-0.086333
0.021975
-0.083647
0.088747
-0.197173
-0.058958
0.008149
0.151003
-0.119536
0.050417
Page: 3
-0.037383
0.022829
0.038179
0.150515
-0.151396
0.093264
-0.011992
0.051760
-0.113311
0.121340
-0.179839
-0.057371
-0.114531
-0.016111
-0.161284
0.044069
Page: 4
-0.139800
0.025393
-0.051055
0.018679
-0.303130
0.182253
-0.178130
0.074953
-0.182769
-0.019041
-0.171660
0.007692
0.027559
0.140505
-0.085356
0.024782
Page: 5
-0.161650
-0.018064
-0.095122
0.085207
0.012544
0.088381
-0.197905
0.025637
-0.052397
0.082888
-0.092681
0.166994
-0.197173
0.105959
0.010591
0.098513
Page: 6
-0.017974
0.060793
0.016084
0.139284
-0.122588
0.047731
-0.152129
0.008913
-0.188872
-0.098997
-0.054106
0.032595
-0.192168
-0.116453
-0.000640
0.040163
Page: 7
-0.076201
0.109011
-0.163970
0.053713
-0.117705
-0.010130
-0.142241
0.013796
-0.075591
0.102907
-0.106230
0.010256
-0.076934
0.071779
-0.086943
0.097658
Page: 8
-0.079131
0.004274
-0.221099
0.098513
-0.081206
0.091555
-0.051055
-0.008787
-0.136260
0.093142
-0.155059
0.083620
-0.144194
0.052858
-0.075713
0.016359
Page: 9
-0.058745
0.083742
-0.048125
0.120241
-0.169219
0.098024
-0.005767
0.084230
-0.199980
0.026247
-0.078521
0.029177
-0.061797
0.029543
-0.212432
0.018068
Page: 10
-0.063506
0.045656
-0.042632
0.122438
-0.131133
-0.013182
-0.238066
0.093386
-0.159697
0.047976
-0.073516
0.070559
-0.094878
0.010012
-0.029814
-0.033079
Page: 11
-0.131377
0.071047
-0.061431
0.059816
-0.022734
0.041140
-0.033843
0.077517
0.039155
0.122927
-0.088652
0.057863
-0.097441
0.140505
-0.055815
-0.001219
Page: 12
-0.053008
0.140383
-0.095610
0.045046
-0.133330
-0.026609
-0.117705
0.019167
-0.068999
0.127565
-0.084258
0.000734
-0.104277
0.080690
-0.129546
-0.000730
Page: 13
-0.050200
0.108767
-0.139189
0.063723
-0.176299
0.039553
-0.110259
0.089357
-0.124907
0.074343
-0.107207
-0.001829
-0.188994
0.042849
-0.151885
0.049196
Page: 14
-0.063628
0.041994
-0.044707
0.047121
-0.004302
0.023073
-0.007842
0.081545
-0.013823
0.072390
-0.033843
0.054812
0.035981
0.081789
-0.064238
0.059206
Page: 15
-0.037383
0.121462
-0.150420
0.027956
0.064058
0.184450
0.039277
0.049685
-0.164336
0.041018
-0.088408
0.005129
-0.150176
-0.019773
-0.259917
-0.093382
Page: 16
-0.167876
0.024294
-0.151641
0.057619
-0.107085
0.040896
-0.129058
0.043581
-0.131499
0.048830
-0.059233
0.079958
-0.112334
0.031252
-0.023589
0.039064
Page: 17
-0.083403
0.059206
-0.094390
-0.007811
-0.213164
-0.036741
-0.115142
0.100832
-0.187407
0.073610
-0.136992
0.028933
-0.180083
-0.031126
-0.133452
0.063723
Page: 18
-0.204253
-0.007200
0.000703
0.032229
-0.093901
0.024782
0.052827
0.182009
-0.021392
0.034670
-0.110625
0.025759
-0.060698
0.037600
-0.039458
0.062990
Page: 19
-0.048613
0.111940
-0.181914
-0.050657
-0.061431
0.085695
-0.093169
-0.001829
-0.088896
0.047731
-0.081084
0.014040
0.011567
-0.001707
-0.033354
-0.064085
Page: 20
-0.146880
-0.027098
-0.044219
0.092043
-0.147979
-0.043821
-0.120879
0.114504
-0.159331
0.094240
-0.165190
-0.182737
-0.140410
0.178225
-0.144072
-0.006712
Page: 21
-0.126250
0.074465
-0.120269
-0.100706
0.041475
0.210695
-0.071318
0.068850
-0.131987
0.033205
-0.036528
0.095949
-0.112334
0.034182
-0.129668
0.067873
Page: 22
-0.141875
0.093020
-0.131865
0.074099
-0.024199
0.093020
-0.107451
0.078615
-0.045073
0.017702
-0.091948
0.025026
-0.107817
0.045168
-0.106108
-0.003172
Page: 23
-0.180205
0.097414
-0.092925
0.014162
-0.071196
0.065310
-0.110869
0.052492
-0.101836
0.021364
-0.029814
0.111086
-0.141631
-0.033567
-0.007231
0.046755
Page: 24
-0.033843
0.050783
-0.137358
0.032717
-0.123564
0.044436
-0.180815
0.095217
-0.093291
0.114260
-0.138823
0.034426
-0.091948
0.050051
-0.124419
0.041140
Page: 25
-0.007598
0.058107
-0.110015
-0.023436
-0.039824
0.007814
-0.051177
0.104616
-0.049712
0.032839
-0.144194
0.131350
-0.165312
0.032717
-0.061187
-0.000608
Page: 26
0.008760
0.086428
-0.029937
0.078981
-0.113555
0.062868
-0.113311
0.029421
-0.158599
-0.061644
-0.102690
0.084719
-0.013213
-0.049314
-0.192412
0.001955
Page: 27
-0.091582
-0.008421
-0.022368
-0.108885
0.013765
0.042360
-0.100859
-0.037596
-0.164458
0.034182
-0.018096
0.131594
0.001069
0.059450
-0.145781
-0.014646
Page: 28
-0.079619
0.059694
-0.068267
0.065920
-0.052642
-0.039549
-0.094023
0.086306
-0.032866
0.147341
-0.145659
-0.116819
-0.143706
-0.021727
-0.119048
-0.016111
Page: 29
-0.100493
0.025026
-0.023101
0.036501
-0.133330
0.017702
-0.131743
0.080812
-0.065459
0.039431
-0.153105
-0.035765
-0.026519
0.027834
-0.178496
-0.005003
Page: 30
-0.160674
-0.027464
0.014375
0.061647
-0.002227
0.051760
0.018525
0.104616
-0.049712
0.135012
-0.118560
0.024416
-0.127715
0.006350
-0.107939
0.025515
Page: 31
-0.147856
-0.090208
-0.044707
0.062990
-0.042876
0.110964
-0.062651
0.088259
-0.143828
0.035646
-0.130278
0.011599
-0.136992
-0.057005
-0.067778
0.079592
Page: 32
-0.110991
0.056154
-0.100249
-0.015867
-0.081816
0.080080
-0.120513
0.200808
-0.094512
0.085207
-0.089873
0.183718
-0.083281
0.110476
-0.046782
0.014284
Page: 33
-0.126616
0.031862
-0.069121
0.095827
-0.079619
0.043337
-0.086455
0.039553
-0.081816
0.011721
-0.106353
0.059694
-0.077910
0.045168
-0.087187
0.020632
Page: 34
-0.166045
-0.022703
0.005586
0.034548
-0.152617
0.035036
-0.165312
0.013918
-0.059355
0.107912
0.030732
0.058596
-0.176909
-0.035154
0.025483
0.033815
Page: 35
-0.162749
0.038210
-0.179961
0.036745
-0.041289
0.099733
-0.167388
0.021364
-0.129912
0.028933
-0.121001
0.044313
-0.169219
0.004274
-0.149321
0.004885
Page: 36
-0.179351
0.035891
-0.025908
0.085329
-0.140288
0.048098
-0.104033
0.017702
-0.044219
0.074099
-0.009551
0.067507
-0.075713
0.056154
-0.100371
0.111330
Page: 37
-0.230498
0.158083
-0.165557
0.016604
-0.263091
0.174196
-0.148955
0.041140
-0.053008
-0.007811
-0.093169
0.081301
-0.136260
0.026491
-0.126250
0.054689
Page: 38
-0.100737
0.047365
-0.122466
0.020632
-0.114409
0.023928
-0.173613
-0.036375
-0.157866
-0.015501
-0.070098
-0.023558
-0.049468
-0.047361
-0.044707
0.081545
Page: 39
-0.043608
-0.007811
-0.049590
0.058596
-0.103789
0.021730
-0.104888
0.113527
-0.132109
0.004030
-0.182402
0.008425
-0.140654
0.018801
0.000703
-0.021482
Page: 40
-0.091216
0.093142
-0.088164
-0.021238
-0.102812
-0.090086
-0.134185
0.033327
-0.067046
-0.014524
-0.047515
0.041506
-0.012358
0.009523
0.003267
0.099123
Page: 41
-0.055815
0.077395
-0.085356
0.086672
-0.129912
0.025393
-0.008696
0.018801
-0.104644
0.060671
-0.108184
0.044802
-0.167998
-0.010496
-0.104766
0.031008
Page: 42
-0.111968
0.059450
-0.144683
-0.055540
-0.090361
0.080812
-0.052642
-0.098875
-0.159087
-0.021849
-0.102080
0.155153
-0.090483
0.072756
-0.054229
0.089235
Page: 43
-0.098784
0.055178
-0.120879
0.032351
-0.148101
0.033571
-0.131621
0.100832
-0.163848
0.039553
0.015352
0.149050
-0.158110
0.181276
-0.166167
0.067507
Page: 44
-0.118315
0.052736
-0.087676
-0.005491
-0.145293
0.065798
-0.130034
0.050783
-0.124785
0.066896
-0.079863
-0.014769
-0.142363
0.066896
-0.054595
0.022463
Page: 45
-0.076689
-0.001463
-0.071074
0.046022
-0.067168
0.041262
-0.089873
0.066896
-0.168486
0.026125
-0.178130
0.003908
0.025361
0.184816
-0.113677
0.048342
Page: 46
-0.089263
0.074465
-0.071562
0.093752
-0.102324
0.093508
-0.032988
0.091921
-0.046538
0.005861
-0.046050
-0.006346
0.080781
-0.007811
-0.106841
0.012819
Page: 47
-0.234038
0.084475
-0.100859
-0.008177
-0.036040
0.028566
-0.169341
0.009523
-0.098296
0.131594
-0.187041
0.119021
-0.145171
0.117067
-0.160308
-0.059813
Page: 48
-0.162383
0.064089
-0.125273
0.018313
-0.095610
0.010988
-0.046416
0.017824
-0.180937
-0.023802
-0.120635
0.095461
-0.153105
-0.023558
-0.171660
-0.089476
Page: 49
-0.098540
0.032595
-0.008330
0.091188
-0.143828
-0.009764
-0.141021
0.065798
-0.152251
0.035524
-0.128325
0.002565
-0.079131
0.089479
-0.071807
0.084230
Page: 50
-0.154814
0.026491
-0.087798
0.067995
-0.055693
0.135134
-0.065337
0.052126
-0.162749
0.016604
-0.128936
0.030886
-0.154814
0.091066
-0.033721
0.077395
Page: 51
-0.147856
0.102907
-0.114409
0.092897
-0.035552
0.106936
-0.113921
0.078981
-0.111357
0.060671
-0.134062
0.075319
-0.019927
0.052492
-0.112700
0.055300
Page: 52
-0.103179
0.034182
-0.110015
0.039553
-0.134917
0.110354
-0.170317
0.003420
-0.160063
0.045412
-0.190825
0.083620
-0.118560
0.048830
-0.096587
0.026735
Page: 53
-0.142119
0.003664
-0.124541
0.010500
-0.105620
0.041262
-0.136992
0.068239
-0.088408
0.075075
-0.040679
0.061525
-0.077178
-0.047972
-0.045562
0.132326
Page: 54
-0.090972
-0.010740
-0.072661
0.058107
-0.194365
0.022097
-0.101592
0.064577
-0.179106
0.105104
-0.109404
0.074709
-0.016265
0.061525
-0.142729
0.032961
Page: 55
-0.117827
0.031740
-0.022612
0.010134
-0.103179
0.086550
0.053804
0.122927
0.060884
0.115236
-0.061431
0.131716
-0.115264
0.038820
-0.102935
0.069094
Page: 56
-0.163726
0.076784
-0.082671
0.077395
-0.116729
0.049440
-0.123809
0.009523
-0.000640
0.074709
-0.096099
0.016237
-0.154692
0.035891
-0.164580
0.038576
Page: 57
-0.104033
0.047976
-0.116606
0.035036
-0.131865
0.032595
-0.129180
0.033937
-0.105498
0.078859
0.002534
-0.029539
-0.121489
0.040041
-0.055327
0.108278
Page: 58
-0.110869
0.110231
-0.175688
-0.002806
-0.116729
0.120485
-0.064604
0.062380
-0.118926
0.266115
-0.147368
0.033693
-0.019927
0.128542
-0.147856
0.108034
Page: 59
-0.147612
0.090212
-0.063384
-0.010374
-0.060942
0.041384
-0.089263
0.022341
-0.123076
0.048830
-0.063628
0.071413
-0.140044
0.071413
-0.157744
0.048830
Page: 60
-0.038359
0.127810
-0.116729
0.134401
-0.084868
0.070192
-0.070342
0.076662
-0.067046
0.056643
-0.082061
0.094973
-0.101958
0.093264
-0.123564
0.061037
Page: 61
-0.125762
0.031740
0.004731
0.060793
-0.080107
0.031862
-0.119170
0.055422
-0.119170
0.050173
-0.062285
0.015261
-0.068022
0.034426
-0.110991
0.035036
Page: 62
-0.130034
0.052614
-0.175200
0.059328
-0.140532
0.092287
-0.105864
0.057497
-0.052031
0.050905
-0.147490
0.004763
-0.085967
0.082399
-0.058745
0.062868
Page: 63
0.054780
0.084108
0.053315
0.070437
-0.146880
0.039553
-0.131011
0.052858
-0.093047
0.037111
-0.043730
-0.006224
-0.117949
0.008303
-0.121978
-0.022581
Page: 64
-0.073760
0.060427
-0.074492
0.009890
-0.179839
0.033693
-0.037749
0.042849
-0.019438
-0.038084
-0.106108
0.012941
-0.054961
0.032106
-0.054839
0.049562
Page: 65
-0.042021
0.037844
-0.152129
0.019899
-0.165557
-0.002684
-0.132354
0.067751
-0.062041
0.145266
-0.052153
0.017214
0.031465
0.050173
0.104707
0.066164
Page: 66
-0.006133
0.087404
-0.129058
0.045534
-0.084746
0.050417
-0.132354
-0.001707
-0.078276
0.048220
-0.066802
0.031252
-0.088408
0.067751
-0.125151
0.068605
Page: 67
-0.119292
0.049196
-0.041411
0.044924
-0.065703
0.062624
-0.070586
0.036867
-0.073638
0.032961
0.019502
0.171755
-0.123198
0.030764
0.001191
0.078615
Page: 68
0.130464
-0.030027
0.220918
0.005251
0.076631
-0.257688
-0.078887
-0.055418
0.004976
-0.108274
-0.131621
-0.005857
0.003755
0.218996
-0.042876
0.075197
Page: 69
-0.135405
-0.073240
-0.066069
0.058229
-0.144194
0.095461
-0.205962
0.001711
-0.176909
-0.023191
0.000825
0.020998
-0.052275
0.055300
-0.137358
0.046267
Page: 70
-0.049224
0.058352
-0.125273
0.029787
-0.150420
0.044069
-0.071807
0.135500
0.004121
0.082277
-0.074370
0.029787
-0.079985
0.056398
-0.226104
0.067629
Page: 71
-0.109893
0.138063
0.036226
0.023317
0.007173
0.057741
-0.060088
0.099978
0.033296
0.207644
-0.106108
0.008181
-0.068145
0.045534
-0.155181
0.045412
Page: 72
-0.112578
0.081789
-0.108672
0.062014
-0.117583
0.042238
-0.047393
-0.008665
-0.057646
0.041018
-0.146392
0.048464
-0.133208
0.068850
-0.073149
-0.006834
Page: 73
-0.035430
0.066652
-0.089385
0.128054
-0.152495
0.053957
-0.033843
0.005983
-0.116606
0.022341
-0.077422
0.085817
-0.110503
0.039309
-0.048491
0.081911
Page: 74
-0.134185
0.083498
-0.075591
0.028933
-0.143706
-0.011351
-0.074248
0.136354
-0.128569
0.167360
-0.084136
0.123293
-0.121489
0.047731
-0.117339
-0.014646
Page: 75
-0.110381
0.078127
-0.055571
0.049562
-0.103545
0.065310
-0.021514
0.073854
-0.119658
0.106325
-0.118926
0.086062
-0.094878
0.071291
-0.117461
0.035280
Page: 76
-0.069365
0.069704
-0.044097
0.018801
-0.134795
0.049685
-0.063140
0.022829
-0.094756
0.042727
-0.133208
0.022707
-0.048857
0.057497
-0.146147
0.011721
Page: 77
-0.044219
0.048098
-0.180205
0.082888
-0.078643
0.018068
-0.103911
0.028322
-0.060210
0.014406
-0.025786
0.091799
-0.117339
0.060305
-0.009795
0.053957
Page: 78
-0.166899
-0.015379
-0.077056
0.026735
-0.096465
0.071657
-0.006133
0.125490
-0.098174
0.067507
-0.049102
0.005251
-0.128081
-0.017332
-0.035796
0.203981
Page: 79
-0.104766
0.062746
-0.107573
0.046267
-0.076445
-0.031248
-0.060088
0.046022
-0.111846
-0.020872
-0.040435
-0.028562
-0.105986
0.101809
-0.037261
0.022829
Page: 80
-0.160674
0.150515
-0.209136
-0.028685
-0.135405
0.103151
-0.076201
0.086428
-0.093901
0.011843
-0.102690
0.046511
-0.167754
0.006228
-0.027129
-0.072630
Page: 81
-0.094268
0.038332
0.005586
0.034426
-0.166167
-0.024046
-0.183135
-0.020140
-0.032500
0.076662
-0.121611
-0.012938
-0.084380
0.032229
-0.159209
-0.004026
Page: 82
-0.090239
0.096437
-0.128691
0.051149
-0.035063
0.055056
-0.109526
0.083010
-0.143706
0.007448
-0.035186
0.145632
-0.110869
0.038698
-0.102935
0.012697
Page: 83
-0.058013
0.096804
-0.163359
0.046755
-0.037139
0.042971
-0.092681
0.080568
-0.065947
0.059694
-0.234526
0.014650
-0.138091
-0.197874
-0.058867
0.092653
Page: 84
-0.103911
0.023928
-0.063994
-0.074217
-0.218169
-0.082640
-0.086455
0.061892
-0.022002
0.058352
-0.150664
0.114870
-0.094023
0.078493
-0.093047
0.058596
Page: 85
-0.084380
-0.057127
-0.076567
0.171877
-0.002227
0.112062
-0.074614
0.042360
-0.039214
0.020876
-0.161406
-0.015745
-0.048003
0.042849
-0.096465
0.104860
Page: 86
-0.081938
0.083376
-0.118804
0.024782
-0.016997
0.026979
-0.140288
0.017824
-0.147612
0.056887
-0.052153
0.140749
-0.064482
0.033571
-0.094390
0.005251
Page: 87
-0.139312
-0.011106
-0.144072
0.056032
-0.121001
0.070559
-0.021636
0.071535
-0.078398
0.057497
-0.128569
0.000002
-0.104155
0.091799
-0.118193
0.101442
Page: 88
-0.049834
0.010012
-0.061431
0.022951
-0.149932
0.087404
-0.145293
0.022585
-0.001738
0.049196
-0.100249
0.040773
-0.096221
0.020876
-0.130767
0.091066
Page: 89
-0.087065
-0.011351
-0.041655
0.017092
-0.036772
0.051027
-0.060210
-0.008787
-0.180205
0.005495
-0.065093
0.092165
-0.100127
-0.018797
-0.033599
0.110842
Page: 90
-0.098662
-0.005613
-0.149443
0.070803
-0.157500
0.032351
-0.076689
0.012941
-0.046294
0.061525
-0.076689
0.058474
-0.185942
0.003542
-0.123198
-0.000853
Page: 91
-0.010649
0.111574
-0.116362
-0.035765
-0.157134
-0.016722
-0.101470
0.049074
-0.126860
-0.034422
0.019624
0.073854
-0.121611
0.035402
-0.129790
0.040651
Page: 92
-0.143950
0.045168
-0.057646
0.023073
-0.077300
0.012087
-0.085723
0.061403
-0.124785
0.062258
-0.023955
0.094484
-0.086211
0.028566
-0.157988
0.006105
Page: 93
-0.028228
0.134890
-0.096831
0.023195
-0.123809
0.017824
0.014497
0.030397
-0.128813
-0.004637
-0.068022
0.094118
-0.084502
0.029543
-0.073760
0.032351
Page: 94
-0.148467
0.027956
-0.013823
0.091433
-0.129424
0.006960
-0.033721
0.106325
-0.165068
0.015627
-0.133208
0.012453
-0.038970
0.057863
-0.137358
0.073122
Page: 95
-0.073882
0.098024
-0.032256
0.061892
-0.122344
0.088747
-0.129424
0.073732
-0.122466
0.044191
-0.023833
0.067141
-0.123809
0.060549
-0.078032
0.019045
Page: 96
-0.159941
-0.009275
-0.053130
-0.002073
-0.060820
0.097902
-0.187407
0.037600
-0.107573
0.028078
-0.185454
0.052614
-0.018950
0.060305
-0.102935
0.024538
Page: 97
-0.047881
0.103518
-0.082183
0.031984
-0.162627
-0.023069
-0.070830
0.049318
-0.131377
0.069948
-0.122710
0.077395
-0.080840
0.075319
-0.086943
-0.019773
Page: 98
-0.125518
0.028688
-0.064482
0.024050
-0.057769
0.100344
-0.122588
0.095217
-0.080474
0.096804
-0.137114
-0.037840
-0.070952
0.055056
-0.093169
0.119631
Page: 99
-0.104888
0.069216
-0.044829
0.047365
-0.126738
0.007204
-0.158110
0.124147
-0.071074
0.087893
-0.085356
0.048464
-0.081572
0.090578
-0.124541
0.029299
Page: 100
-0.042876
0.102663
-0.131621
0.052736
-0.034331
0.085329
-0.104399
-0.032225
-0.115264
0.003054
-0.076812
0.102419
-0.109038
0.046022
-0.075225
0.056276
Page: 101
-0.074736
0.038942
-0.073638
0.024904
-0.124907
0.050661
-0.081572
0.021853
-0.042388
0.055910
-0.090361
0.070803
-0.178984
0.026247
-0.035063
0.096315
Page: 102
-0.024932
0.099733
-0.129424
0.043337
-0.181548
0.068361
-0.114531
0.028200
0.001558
0.014040
-0.072295
0.089724
-0.081450
0.052248
-0.153960
0.036745
Page: 103
0.031709
0.006838
-0.032744
0.043947
-0.055571
0.008181
-0.130522
0.040773
-0.007598
0.091433
-0.061431
0.039919
-0.112578
-0.000120
-0.044585
0.070070
Page: 104
-0.146025
0.071535
-0.078398
0.067263
-0.131255
0.040285
-0.015776
0.089479
-0.098418
0.022951
-0.057280
0.244631
-0.084624
0.008913
-0.161895
0.024172
Page: 105
-0.036162
0.039553
-0.142729
0.012575
-0.104888
0.058229
-0.066680
0.095217
-0.146147
0.041628
-0.101226
0.099123
-0.094878
0.009523
-0.081450
-0.031004
Page: 106
-0.120391
0.084108
-0.111846
0.130373
-0.120146
-0.029905
-0.089995
0.007692
-0.097319
0.008547
-0.183257
0.093386
-0.167266
0.054689
-0.067656
0.063845
Page: 107
-0.107207
-0.002195
-0.156646
0.008669
-0.096831
0.053591
-0.056548
0.052736
-0.023345
0.065432
-0.112822
0.045534
-0.151152
0.054689
-0.148589
0.022341
Page: 108
-0.006011
0.051027
-0.148223
0.052980
-0.061675
0.044191
-0.136138
0.080935
-0.088774
0.017458
-0.054717
0.083620
-0.106475
-0.004393
-0.141021
0.031496
Page: 109
-0.131743
0.013430
-0.036650
0.039797
-0.085112
0.014162
-0.102202
-0.067869
-0.080474
0.062136
-0.155425
0.023806
-0.052886
0.006838
-0.115874
0.033327
Page: 110
-0.147612
0.081545
-0.078276
0.012575
-0.061919
-0.016355
-0.039946
0.064333
-0.210234
0.099367
-0.030669
0.128054
-0.152251
-0.014891
-0.076812
0.080202
Page: 111
-0.156401
0.033815
-0.177886
0.025393
-0.060210
-0.007200
-0.112090
0.037722
-0.086821
-0.010740
-0.148101
0.035158
-0.055205
0.046022
-0.112944
0.047487
Page: 112
-0.079131
-0.036863
-0.055815
0.051638
-0.160918
0.067995
-0.036650
0.036013
-0.039824
0.044924
-0.097441
0.055178
-0.082183
0.053713
-0.132476
0.019167
Page: 113
-0.068389
0.099855
-0.056914
0.023562
-0.098784
0.031252
-0.136992
0.103029
-0.144072
0.033815
-0.033110
0.092531
-0.054717
0.044313
-0.159331
0.068850
Page: 114
-0.131987
0.071535
-0.136016
0.148317
-0.143340
-0.020018
-0.130034
-0.031736
-0.063262
-0.172850
-0.066191
0.180178
-0.133574
0.048830
-0.098174
-0.122679
Page: 115
-0.133940
0.002443
-0.077910
0.083376
-0.172271
-0.057127
-0.160918
0.012941
-0.200469
0.041384
-0.111846
0.056887
-0.084990
-0.020872
-0.142119
0.086428
Page: 116
-0.161772
0.083498
-0.101470
-0.078367
-0.038970
0.074587
-0.091216
0.044313
-0.147002
0.078859
-0.165679
0.062014
-0.036284
0.028444
-0.127471
0.036867
Page: 117
-0.072417
0.044558
-0.149687
-0.020384
-0.063872
0.101198
-0.095732
0.084719
-0.048125
0.044436
-0.105254
0.103762
-0.085601
0.024416
-0.083037
0.084963
Page: 118
-0.034819
0.035524
-0.114287
0.050417
-0.068389
0.013430
-0.138701
0.068850
-0.187163
0.043947
-0.141631
0.011965
0.015229
0.055422
-0.153838
0.103884
Page: 119
-0.127227
0.076906
-0.125273
-0.064573
-0.081938
0.134157
0.024873
0.049562
-0.065337
0.022097
-0.000640
0.117800
0.015596
0.110964
-0.128203
0.021853
Page: 120
-0.081084
0.027224
-0.164092
0.097658
-0.028350
0.129641
-0.148223
0.006960
-0.112334
-0.002195
0.007295
0.069704
-0.172271
-0.046019
-0.105132
0.162478
Page: 121
-0.186187
0.048952
0.069917
0.050539
-0.077056
0.004519
-0.198882
0.058718
-0.028105
0.067263
-0.070220
0.009768
-0.183013
0.028811
-0.007231
0.109377
Page: 122
-0.132964
0.015871
-0.052153
0.085207
-0.115630
-0.023069
-0.074370
0.023439
-0.151519
0.047976
-0.040312
0.107912
-0.128203
0.026735
-0.141143
0.037478
Page: 123
-0.093901
0.073610
-0.040435
0.141604
-0.138823
-0.009275
-0.098662
0.026979
-0.074492
0.099978
-0.155791
0.023073
-0.101226
0.018068
-0.149077
0.047365
Page: 124
-0.143340
0.015139
-0.071074
0.051638
-0.065337
0.053225
-0.105742
0.081301
-0.147856
0.031008
-0.131377
0.042727
-0.116606
0.081911
-0.182769
0.069948
Page: 125
-0.141021
0.027224
-0.132842
0.032473
-0.093291
0.026369
-0.182769
-0.001585
-0.108184
0.077395
-0.060576
0.050051
-0.121855
0.096193
-0.170439
0.050661
Page: 126
-0.167998
0.076540
-0.145903
0.094118
-0.110259
0.010256
-0.139922
0.061037
-0.119048
0.045900
-0.127227
0.062014
-0.166899
0.068361
-0.114897
0.018923
Page: 127
-0.169219
0.076540
-0.169951
0.161989
-0.068145
0.046267
-0.160186
0.147219
-0.091338
-0.054441
-0.157134
0.051638
-0.057891
0.025515
-0.133696
0.068850
Page: 128
-0.118926
0.111940
-0.083159
-0.034544
-0.142363
0.029665
-0.132598
0.039309
-0.071440
0.104250
-0.071685
0.059206
-0.096587
0.051394
-0.073882
0.037478
Page: 129
-0.075347
0.038332
-0.080718
0.100710
-0.104399
-0.000853
-0.121855
0.067385
-0.124785
0.055422
-0.079375
0.043215
-0.068633
0.058840
-0.095854
0.092897
Page: 130
-0.087798
0.054079
-0.100127
0.039919
-0.122466
0.102907
-0.141631
0.029909
-0.092559
0.060793
-0.097197
0.030642
-0.094634
-0.034666
-0.072783
-0.012571
Page: 131
-0.151274
-0.005735
-0.082793
0.016481
-0.049224
0.010012
-0.111479
0.047121
-0.162505
0.028444
-0.155913
0.009035
-0.161040
0.019167
-0.141997
0.038210
Page: 132
-0.126006
-0.004271
-0.127593
0.006350
-0.163359
0.022463
-0.145537
-0.058836
-0.140654
-0.001951
-0.130278
0.009523
-0.148223
0.039309
-0.121367
0.108156
Page: 133
-0.144194
0.126589
-0.171294
0.077639
-0.156157
0.002199
-0.104644
0.114748
-0.204009
0.011477
-0.193877
-0.001097
-0.096709
-0.157469
-0.140898
-0.181028
Page: 134
-0.083037
-0.205320
-0.099272
-0.190916
-0.101592
-0.150877
-0.127837
-0.175535
-0.084258
-0.113401
-0.098906
-0.126585
-0.095488
-0.112425
-0.129424
-0.150633
Page: 135
-0.025908
-0.064451
-0.007842
-0.062376
-0.039946
-0.042967
-0.000640
-0.205442
0.027803
-0.114134
0.049653
-0.096800
0.006318
-0.028685
-0.107329
-0.086668
Page: 136
-0.043120
-0.016600
-0.086821
-0.048582
-0.086699
-0.058348
0.012178
-0.036009
-0.159209
-0.046263
-0.086943
-0.082029
-0.016021
-0.035398
-0.067168
-0.066648
Page: 137
-0.061675
-0.093748
0.022676
-0.040770
-0.210234
-0.048338
0.001313
-0.131834
0.012666
-0.073118
0.022432
0.054567
0.066621
0.116945
-0.096221
0.055300
Page: 138
-0.156523
0.046999
-0.145049
0.008791
-0.123320
0.040773
-0.070586
0.064699
-0.041777
0.026613
-0.111357
0.046145
-0.149565
0.029665
-0.098296
0.037722
Page: 139
-0.095488
0.013796
-0.011626
0.077395
-0.172881
0.043337
-0.114409
0.113283
-0.128447
0.040407
-0.154692
0.059572
-0.169219
0.067507
-0.135527
0.002565
Page: 140
-0.105376
-0.013670
-0.190703
0.099978
0.016450
0.077883
-0.089873
0.052126
-0.030425
0.070192
-0.041045
0.147219
-0.148833
0.107302
-0.137847
0.079714
Page: 141
-0.108428
0.038332
-0.074248
0.099367
-0.079741
-0.000364
-0.078643
0.106447
-0.057036
-0.025267
-0.090483
0.048830
-0.116484
0.014650
0.008882
0.131350
Page: 142
-0.107085
0.070681
-0.070830
0.018557
-0.065337
-0.052122
0.032686
0.120485
-0.021147
0.084597
-0.160308
-0.003904
-0.047759
0.040529
-0.116118
0.000734
Page: 143
-0.073516
0.109621
-0.049224
0.136477
-0.069365
-0.003294
-0.108550
0.180666
-0.123564
-0.033079
-0.196318
0.057253
-0.124297
-0.000853
-0.106597
0.040896
Page: 144
-0.123198
-0.004881
-0.110137
0.059694
-0.054351
0.027468
-0.069976
0.087771
-0.203276
0.021242
-0.129790
-0.042601
-0.068389
0.046389
-0.115874
0.051760
Page: 145
-0.109038
-0.088987
-0.063994
0.041750
-0.146147
-0.029539
-0.083281
-0.094969
0.006440
-0.007811
-0.082305
0.013186
-0.164336
-0.049070
-0.021880
0.027590
Page: 146
-0.104521
0.070070
0.113984
-0.056395
-0.061309
0.137819
-0.095732
0.134279
-0.115020
-0.086790
-0.171782
-0.033567
-0.074858
-0.005247
-0.112456
0.023073
Page: 147
-0.087187
0.168825
-0.155181
0.146486
-0.062285
-0.006102
-0.150908
0.088259
-0.131987
0.021120
-0.055327
-0.008055
-0.100005
0.035769
-0.176177
0.096193
Page: 148
-0.088774
-0.021971
-0.053618
0.138063
-0.155669
0.062136
-0.066191
-0.058836
-0.067412
0.004519
0.003389
0.156740
-0.115264
-0.007566
-0.118560
0.086794
Page: 149
-0.116484
-0.009642
-0.119536
0.047121
-0.167388
0.003908
-0.028350
0.051516
-0.110747
0.048586
-0.127715
0.007692
-0.070464
0.111574
-0.084746
-0.112547
Page: 150
-0.096465
0.020021
-0.081206
-0.076902
-0.076934
0.043581
-0.102812
0.061647
-0.101226
0.117189
-0.153472
0.031862
-0.160796
-0.031736
-0.052520
-0.020262
Page: 151
-0.089385
0.120241
-0.120024
0.115236
-0.086699
0.002077
-0.094756
0.019411
-0.158599
0.122438
-0.085356
0.078859
-0.116240
0.023195
-0.121733
0.059572
Page: 152
-0.022368
0.091555
-0.065215
0.053347
-0.137847
0.069216
-0.138823
0.020998
-0.027617
-0.095823
-0.112334
0.056032
-0.176177
0.150515
-0.079741
0.110354
Page: 153
-0.116362
0.099855
-0.185820
0.100588
-0.124175
-0.007566
-0.106108
0.032839
-0.119048
-0.019651
-0.122710
0.126101
-0.104155
-0.052122
-0.054717
0.046022
Page: 154
-0.103057
-0.014646
-0.045806
0.078737
-0.116362
0.075075
-0.082915
0.020266
-0.181182
0.173586
-0.091094
0.140017
-0.058501
-0.012205
-0.075957
0.016115
Page: 155
-0.054351
-0.063108
-0.074004
0.065920
-0.081938
0.049318
-0.055815
0.121706
-0.070586
0.039797
-0.036284
0.058474
-0.068145
-0.027098
-0.172271
-0.014036
Page: 156
-0.055815
0.100588
-0.144072
0.024538
-0.143950
0.035646
-0.110747
-0.007811
-0.094878
-0.047728
-0.188140
0.042604
-0.028350
0.204226
-0.182402
0.082521
Page: 157
-0.195708
0.030764
-0.084380
0.005007
-0.266021
-0.038816
-0.290190
0.065798
-0.309966
0.023562
-0.251006
0.043337
-0.251860
0.016359
-0.348174
-0.070066
Page: 158
-0.170195
-0.054319
-0.118437
-0.187742
-0.127471
-0.131468
0.088105
-0.216185
-0.059355
-0.175779
-0.054473
-0.057615
0.107515
0.134646
-0.049224
0.269411
Page: 159
-0.001128
0.013674
-0.185820
0.039309
0.061494
0.072878
0.201631
0.116945
0.058198
0.055666
-0.091948
0.035769
-0.060698
0.121706
0.057954
0.035524
Page: 160
-0.079253
0.012819
-0.075225
0.042482
-0.076201
0.032717
0.001802
0.033571
-0.199248
0.079592
-0.196685
0.065187
-0.107207
-0.005003
-0.168486
0.051394
Page: 161
-0.020903
0.101076
0.005220
0.045412
-0.099639
0.077639
0.008027
0.089602
-0.108672
0.011721
-0.078521
-0.026731
-0.027007
0.084475
-0.088896
0.139772
Page: 162
-0.081206
-0.015257
-0.117461
0.044436
-0.153228
0.113527
-0.087798
0.049685
-0.124663
0.085939
-0.090728
0.125856
-0.065459
0.109255
-0.144316
0.238039
Page: 163
-0.071929
0.172243
-0.043608
0.012819
-0.067412
0.040529
-0.104399
0.076052
-0.120635
0.020388
-0.113188
0.010134
-0.079131
0.000856
-0.020415
-0.027342
Page: 164
-0.020415
0.047243
-0.111357
0.135744
-0.090850
0.049074
-0.026030
0.079470
-0.155303
0.046389
0.016450
0.018190
-0.036040
0.016970
-0.123809
0.025637
Page: 165
-0.140532
0.036989
-0.030669
0.052858
-0.141875
0.081301
0.012300
0.073854
-0.031646
0.039187
-0.081572
0.130373
-0.079497
0.159792
-0.155669
0.097780
Page: 166
-0.037017
0.198244
-0.090361
0.094118
-0.173369
0.119875
-0.098540
0.067507
-0.145171
-0.078001
-0.064238
0.076906
-0.122344
0.082033
-0.065093
0.019655
Page: 167
-0.113188
-0.002195
-0.127593
0.030275
-0.055693
0.021608
-0.033965
0.078859
-0.008208
0.051027
-0.089263
0.028322
0.002290
0.131105
-0.061675
0.033571
Page: 168
0.013521
0.091799
-0.061675
0.079470
0.001558
0.021486
-0.167021
0.079470
-0.084014
0.021853
-0.100981
0.063234
-0.033721
0.033815
-0.043242
0.011965
Page: 169
-0.050811
0.112185
-0.085112
0.029055
-0.078643
0.073000
-0.086333
0.068605
-0.072661
0.090334
-0.120879
0.075319
-0.106108
0.102297
-0.167754
-0.004271
Page: 170
-0.129302
0.032839
-0.115142
0.075319
-0.117583
0.046999
-0.140044
0.058962
-0.136626
0.015383
-0.236724
0.069704
-0.141631
0.059328
-0.162383
0.058962
Page: 171
-0.225981
0.025637
-0.159697
0.025759
-0.141265
0.075930
-0.116484
0.031130
-0.159575
-0.057981
-0.127104
-0.203245
-0.062163
-0.221678
-0.095732
-0.171019
Page: 172
-0.053374
-0.002806
-0.078276
0.014650
-0.088408
0.073977
0.015229
0.038454
-0.099517
0.044069
-0.070708
0.024294
-0.152373
0.085451
-0.104644
0.025515
Page: 173
-0.090117
0.048342
-0.032866
0.077517
-0.102935
0.034548
-0.117705
0.061525
-0.083770
0.043215
-0.175933
0.016848
-0.090483
0.002810
-0.111724
0.031984
Page: 174
0.015474
0.052736
-0.131011
0.018557
-0.100859
-0.005979
-0.013945
0.085573
-0.079375
0.007204
-0.084624
0.066286
-0.086089
0.043703
-0.149687
0.060183
Page: 175
-0.167021
0.031740
-0.049956
0.052126
-0.178862
0.022829
-0.142607
0.058962
-0.138213
0.069338
-0.126250
-0.023436
-0.059600
0.048464
-0.106719
0.023317
Page: 176
-0.113188
0.105959
-0.039214
0.028322
-0.076079
0.007326
-0.020415
0.053225
-0.045928
0.122927
-0.071074
0.026613
-0.149077
0.306521
-0.020415
-0.008299
Page: 177
-0.038848
0.073000
-0.118926
0.087282
-0.085479
0.102053
-0.091216
0.058596
-0.116606
0.046511
-0.167754
0.055544
-0.121001
-0.019285
-0.077056
0.047854
Page: 178
-0.076567
0.081057
-0.121611
0.148806
-0.053984
0.143435
-0.042144
-0.066648
-0.095122
0.035036
-0.130889
0.042360
-0.122466
0.047976
-0.103057
0.072268
Page: 179
-0.151030
0.127810
-0.227690
0.096682
-0.198760
0.060915
-0.135405
0.070192
-0.226348
0.059572
-0.158477
0.003908
-0.250762
0.112429
-0.100249
0.064577
Page: 180
0.027070
0.087404
-0.065459
0.010988
-0.064360
0.005617
0.028535
0.133669
-0.007842
0.043215
0.127656
0.037233
0.032686
0.000246
-0.138457
-0.031736
Page: 181
-0.056548
0.067751
-0.071562
0.037355
-0.029448
0.282106
-0.061553
0.053713
-0.128081
-0.012815
-0.091094
0.081057
-0.008208
0.119997
-0.069487
0.160646
Page: 182
-0.129790
0.057619
-0.091948
0.032717
-0.151763
0.136843
-0.069731
0.117800
-0.092192
0.015871
-0.063750
0.081423
-0.189971
0.089479
-0.019683
0.029909
Page: 183
-0.047759
0.008303
-0.161406
-0.049681
-0.203643
-0.006834
-0.164458
0.063356
-0.107939
0.037600
-0.149321
0.026003
-0.146880
0.042116
-0.120757
-0.032347
Page: 184
-0.140044
0.012209
-0.121367
0.032473
-0.216094
0.038698
-0.114653
0.069216
-0.138579
0.036867
-0.165190
0.090578
-0.226592
0.059572
-0.122954
-0.010618
Page: 185
-0.090728
0.017946
-0.141143
0.005617
-0.078154
0.016726
-0.107207
0.015993
-0.081938
-0.009520
-0.138335
0.004274
-0.095977
0.036623
-0.045317
0.023317
Page: 186
0.083833
0.078981
-0.026030
0.186770
-0.107329
-0.050047
-0.116362
0.031862
0.027803
-0.121092
0.020967
-0.072142
-0.104277
-0.035887
-0.066436
-0.205564
Page: 187
0.011079
-0.046263
0.106538
0.179934
0.016572
0.063967
-0.024199
0.000490
-0.146758
0.109621
0.001680
0.143435
0.095674
0.041384
-0.136016
0.079714
Page: 188
0.077485
0.040651
-0.125640
-0.009520
-0.067168
0.145632
-0.115874
0.206911
-0.065215
0.148684
-0.215972
-0.041746
-0.118682
0.091188
0.040742
-0.020628
Page: 189
-0.061187
0.158571
-0.126006
0.022707
-0.115142
0.010622
-0.065825
0.207521
-0.167144
0.001589
-0.126494
0.136843
-0.053374
0.098269
-0.102568
-0.147703
Page: 190
0.017793
0.022585
-0.083281
0.145754
-0.078521
0.145632
-0.134062
0.049440
-0.017852
0.096437
0.015718
0.207155
-0.128325
0.099978
-0.050078
0.078493
Page: 191
-0.135771
0.145998
-0.060576
0.102419
-0.031523
0.138063
-0.193755
0.052492
-0.139922
0.101320
-0.183867
0.085817
-0.006621
0.058229
-0.094023
-0.018675
Page: 192
-0.068511
0.037722
-0.007964
0.115114
0.011323
0.265749
0.079927
0.052736
-0.051299
0.064699
0.041108
0.197146
-0.077300
0.130007
-0.175688
-0.094847
Page: 193
-0.014189
0.226931
-0.203765
-0.030882
-0.067534
0.178103
-0.009062
0.000246
0.082612
-0.004637
-0.167754
-0.069212
-0.056670
-0.169554
-0.208037
-0.139158
Page: 194
-0.066069
0.116335
-0.107939
0.005129
-0.284453
-0.041868
0.047212
-0.013426
-0.058867
-0.035032
-0.081450
-0.102659
0.077729
0.125734
0.028413
-0.208128
Page: 195
0.143647
0.093386
-0.079375
-0.013304
-0.059111
0.153322
-0.141387
-0.043089
0.158174
-0.016233
-0.215483
-0.112303
-0.129546
-0.098997
0.118257
0.107546
Page: 196
-0.129424
0.077395
-0.046172
0.030764
-0.322417
0.055544
-0.138091
-0.176268
0.071626
0.034914
-0.273345
-0.024900
-0.146147
-0.039061
-0.142363
-0.007933
Page: 197
-0.031157
0.119021
-0.109282
0.092165
-0.312285
0.006716
-0.189971
-0.029051
-0.006987
0.056032
0.048921
0.087160
-0.099761
0.063112
-0.168242
-0.016844
Page: 198
-0.034209
0.001467
0.044526
0.151003
-0.046294
0.151857
-0.131255
0.005617
-0.129668
-0.134031
-0.146025
-0.070311
-0.192778
-0.002195
-0.039946
0.131594
Page: 199
-0.145415
-0.029905
0.014741
-0.159300
-0.164336
-0.219847
-0.093413
-0.008055
0.026826
0.056521
-0.009429
-0.004515
0.124360
0.058352
-0.157256
0.034182
Page: 200
0.083345
0.116213
0.114961
-0.034910
-0.116484
-0.090940
-0.117949
0.015139
-0.107695
-0.114134
-0.013579
-0.057737
-0.184966
-0.064695
-0.009917
-0.063963
Page: 201
-0.116484
-0.004515
-0.119292
-0.035521
-0.101104
0.021120
-0.050444
0.154299
-0.093535
0.088991
-0.058989
-0.012083
-0.044219
0.035891
0.009492
0.007692
Page: 202
-0.090361
0.013063
-0.095122
0.033083
-0.100005
0.051516
-0.115386
-0.055784
-0.098662
0.006472
-0.240020
0.062990
-0.138213
0.082521
-0.133452
0.195803
Page: 203
-0.149443
0.074831
-0.061309
0.132692
0.146333
0.239016
-0.134185
0.129763
-0.039702
0.026613
-0.171294
0.073488
-0.027129
0.211916
-0.158110
0.160036
Page: 204
-0.117095
0.096071
0.012788
0.095461
-0.252593
0.041872
-0.010771
0.047121
-0.141509
0.175661
0.026460
0.208010
-0.074126
0.105227
0.019014
0.127687
Page: 205
-0.119170
0.137209
-0.106719
0.010378
-0.116240
0.047731
-0.123076
0.115236
-0.207671
-0.010496
-0.084746
0.025637
-0.132354
0.024782
-0.127471
0.027224
Page: 206
-0.089629
-0.016722
-0.070098
0.100954
-0.107085
0.078493
-0.105254
-0.094358
-0.116729
0.119509
-0.029204
0.139162
-0.048369
0.038576
0.021211
0.155642
Page: 207
-0.042021
0.117067
-0.117217
-0.118284
-0.100737
-0.011229
-0.078521
-0.055296
-0.016265
-0.038694
-0.109648
0.066408
0.004243
-0.041990
-0.075225
-0.134153
Page: 208
-0.120391
-0.032469
-0.145049
0.039797
-0.095610
0.141604
-0.100981
0.085451
-0.062163
-0.025633
-0.092437
0.038576
-0.130156
0.059938
-0.005767
-0.044554
Page: 209
-0.208281
0.102053
-0.147002
-0.034666
-0.073394
0.026247
-0.122588
-0.026731
-0.094390
0.072512
0.012544
0.074465
-0.016631
-0.044188
-0.114287
0.008547
Page: 210
-0.205840
0.000979
-0.057891
-0.015745
-0.131255
0.005495
-0.022002
0.008059
-0.242339
-0.025755
-0.079375
0.113039
-0.000518
0.004763
-0.185576
-0.032591
Page: 211
-0.063506
0.042116
-0.103057
0.056521
-0.083403
0.003908
-0.081084
-0.086790
-0.314116
0.058718
-0.277007
0.066652
-0.203765
0.063479
-0.100371
0.087771
Page: 212
-0.170439
0.156130
-0.149687
0.124392
-0.122710
-0.078123
-0.171660
0.110720
-0.146147
0.119387
-0.216704
0.015261
-0.123931
-0.011839
-0.081694
0.086672
Page: 213
-0.159453
0.103273
-0.105742
0.031618
-0.095854
0.064333
-0.063018
0.018435
-0.003203
0.028688
-0.038726
0.102297
-0.052886
0.027224
0.034517
0.141237
Page: 214
0.088228
0.034304
0.080049
0.206789
-0.136504
-0.030271
0.098481
0.009401
-0.113677
-0.171141
0.017061
0.108522
-0.094512
-0.051146
0.005464
-0.103147
Page: 215
-0.245635
-0.004881
-0.059722
0.017458
-0.055693
0.065065
-0.175200
-0.033812
0.133516
-0.004515
-0.206084
0.092287
0.022798
0.081789
0.015107
0.074465
Page: 216
-0.015288
0.019045
-0.125396
-0.006834
-0.163237
0.046022
-0.128813
0.166872
-0.223906
0.056398
-0.214507
0.108889
-0.074004
0.025393
-0.034941
0.111696
Page: 217
-0.078032
0.087526
-0.110503
0.018679
-0.238677
-0.017332
0.115815
0.064577
-0.059478
0.041628
-0.152495
0.083132
-0.082427
-0.044920
-0.250273
0.151613
Page: 218
-0.167632
0.159182
-0.131011
-0.004148
-0.072417
0.030397
0.121064
-0.013792
0.123018
0.092165
0.006929
-0.062254
0.139131
-0.026243
-0.028594
0.023562
Page: 219
-0.133818
-0.182249
-0.145415
-0.112303
-0.042754
0.001345
-0.062041
0.067141
-0.090483
0.104250
-0.056792
0.015383
-0.167144
0.119021
-0.032622
0.024538
Page: 220
-0.044463
0.020021
-0.086943
-0.051390
-0.029570
0.077883
-0.159331
0.057009
-0.076567
0.190676
-0.012725
0.073488
-0.113188
0.033449
-0.135894
0.095705
Page: 221
-0.126860
0.076052
-0.031035
0.034548
-0.054106
0.006960
0.054048
-0.004515
-0.132109
0.041994
-0.073516
-0.072874
-0.083892
0.022463
-0.014922
0.003420
Page: 222
-0.007842
0.011354
-0.079009
0.152590
-0.021514
0.062014
-0.145903
0.066896
-0.074736
0.159792
-0.169219
-0.052732
0.005464
0.112185
-0.130522
0.123537
Page: 223
-0.145171
0.044436
-0.077666
0.062502
-0.021514
0.125856
-0.133086
0.014406
-0.202788
0.040529
-0.126250
-0.030271
0.044893
-0.094603
-0.140044
0.082155
Page: 224
-0.025176
0.075563
-0.213896
0.001101
0.062471
0.092531
-0.114043
0.158571
-0.030181
-0.034422
-0.138823
0.080935
0.017671
0.098269
-0.213774
0.082277
Page: 225
-0.220000
0.078493
-0.221953
0.104860
-0.048125
0.013186
-0.086821
0.073610
-0.085723
0.043459
-0.097930
-0.057859
0.028901
0.055422
-0.042510
-0.062986
Page: 226
-0.021025
0.116457
-0.151396
0.241335
-0.089385
-0.098875
-0.110259
0.118776
-0.147856
0.093752
-0.089385
0.015993
0.017671
-0.098997
-0.048613
0.081057
Page: 227
-0.128936
0.080935
-0.182158
0.069216
-0.071196
0.103518
-0.089629
-0.006346
-0.128081
0.040407
-0.262847
0.031374
-0.226836
0.082155
-0.139800
0.114382
Page: 228
-0.088652
0.113039
-0.100371
0.028444
-0.118804
0.066896
0.070161
0.006838
0.068330
0.015017
0.066621
0.011599
0.068452
0.015627
0.064912
0.010012
Page: 229
0.065645
0.012209
0.067720
0.014284
0.066743
0.012819
-0.009062
-0.029783
0.067964
0.015871
0.035981
0.021364
-0.085479
0.077761
-0.085723
0.083742